-0.12512084829008502
-0.11508172630535615
-0.09556063628172062
-0.06532127303180452
-0.031413947277182795
-0.0018399405842010885
0.021137466917970686
0.041288718984347605
0.06384222433455403
0.09093195056015393
0.1198645244884794
0.1442909367542669
0.15744868480867347
0.15587284414879626
0.1411427775553184
0.11831751931798706
0.09247505042555601
0.06630630492157585
0.04055148610201079
0.01652060976940613
-0.0019867032292435723
-0.009791049587443094
-0.0040824783210698
0.012532476613147863
0.03265958215268846
0.04807438170472254
0.05424713506645788
0.0529089526321678
0.051377580596440736
0.05864498775937739
0.08010522681470332
0.11428479571108327
0.153737098612915
0.18878754970972866
0.21090604748378178
0.21442923825040433
0.198035533130289
0.16640135498103237
0.12945807733655285
0.09754542714540163
0.07580695432278686
0.06308001456328935
0.055529076600323204
0.049980150700710525
0.04370887971962907
0.0331484578937833
0.015169200380221494
-0.009642476392453924
-0.03537488879750517
-0.05305232538236184
-0.0555365265104507
-0.04164551443817428
-0.016558800709252072
0.011232232409498923
0.03319003924035424
0.04199150138979321
0.03228527767567953
0.003298268279144572
-0.03800577664702369
-0.07755610461547724
-0.10048871913142457
-0.09914293743194495
-0.076290468301092
-0.0414439135239658
-0.004327998898716358
0.029042786376754882
0.056117612888939156
0.07589196043453342
0.0883956865605713
0.09602093906969131
0.1040890011691808
0.11809702692796603
0.1388010916987804
0.15959157868746032
0.1693175978040357
0.15896856359930542
0.1272826086961615
0.08134510885518276
0.03220841715210487
-0.011056076145290854
-0.044977401256716766
-0.07098177348256786
-0.09114861681828804
-0.10397665122331842
-0.1045102967911021
-0.0893646172932394
-0.061321867074158126
-0.028046718148283883
0.0035053390932974137
0.030670864413422563
0.05407709854299627
0.07505009379799162
0.09418782795135491
0.11065137208511956
0.1213577925564131
0.12082103215637031
0.10241243555294949
0.06075848404213158
-0.005312766363729839
-0.09013356291436664
-0.18074336838081312
-0.2604250167671723
-0.3154648277405065
-0.34146020798366417
-0.3451621609723659
-0.3402123813517709
-0.3386668072831005
