1.4
1.4666666666666666
1.4666666666666666
1.5333333333333334
1.4666666666666666
1.4
1.2666666666666666
1.3333333333333333
1.3333333333333333
1.1333333333333333
1.0666666666666667
0.8666666666666667
0.8
0.8
1.0666666666666667
1.0
1.0
1.0
1.0
0.9333333333333333
0.9333333333333333
1.0666666666666667
1.0
0.9333333333333333
1.1333333333333333
1.1333333333333333
1.1333333333333333
1.1333333333333333
1.2666666666666666
1.0666666666666667
1.2666666666666666
1.3333333333333333
1.4
1.3333333333333333
1.5333333333333334
1.6
1.4666666666666666
1.5333333333333334
1.5333333333333334
1.3333333333333333
1.4666666666666666
1.6
1.6
1.5333333333333334
1.5333333333333334
1.4
1.4
1.3333333333333333
1.4
1.3333333333333333
1.3333333333333333
1.3333333333333333
1.3333333333333333
1.4
1.4
1.3333333333333333
1.2
1.2
1.1333333333333333
1.1333333333333333
1.0666666666666667
1.0
0.9333333333333333
1.0
1.0666666666666667
1.1333333333333333
1.1333333333333333
1.2
1.2666666666666666
1.2666666666666666
1.1333333333333333
1.3333333333333333
1.4
1.4666666666666666
1.5333333333333334
1.5333333333333334
1.6666666666666667
1.7333333333333334
1.6
1.5333333333333334
1.3333333333333333
1.5333333333333334
1.6
1.6666666666666667
1.6666666666666667
1.8
1.6666666666666667
1.6
1.6666666666666667
1.5333333333333334
1.6666666666666667
1.6
1.6666666666666667
1.6666666666666667
1.7333333333333334
1.8
1.6
1.5333333333333334
1.4
1.5333333333333334
1.6
1.6
1.6666666666666667
1.6
1.6666666666666667
1.6
1.5333333333333334
1.7333333333333334
1.9333333333333333
1.7333333333333334
1.8
1.8666666666666667
1.8
1.8
1.6666666666666667
1.6666666666666667
1.6666666666666667
1.6
1.6
1.6666666666666667
1.6666666666666667
1.6666666666666667
1.4
1.2666666666666666
1.3333333333333333
1.4
1.4
1.4666666666666666
1.4
1.4666666666666666
1.4666666666666666
1.4666666666666666
1.4666666666666666
1.4666666666666666
1.3333333333333333
1.4
1.4
1.4
1.4
1.4
1.3333333333333333
1.3333333333333333
1.2666666666666666
1.2666666666666666
1.3333333333333333
1.2
1.3333333333333333
1.3333333333333333
1.4
1.4666666666666666
1.3333333333333333
1.3333333333333333
1.4
1.5333333333333334
1.4666666666666666
1.3333333333333333
1.2666666666666666
1.2666666666666666
1.2666666666666666
1.2
1.1333333333333333
1.0666666666666667
1.0666666666666667
0.9333333333333333
0.9333333333333333
1.1333333333333333
1.2
1.1333333333333333
1.0
1.0
1.0666666666666667
1.1333333333333333
1.1333333333333333
1.1333333333333333
1.1333333333333333
1.1333333333333333
1.1333333333333333
1.0666666666666667
1.1333333333333333
1.2
1.2
1.1333333333333333
1.2
1.1333333333333333
1.2666666666666666
1.2666666666666666
1.2666666666666666
1.3333333333333333
1.3333333333333333
1.2666666666666666
1.4
1.3333333333333333
1.3333333333333333
1.2666666666666666
1.2
1.1333333333333333
1.2
1.2
1.2666666666666666
1.2
1.1333333333333333
1.0666666666666667
0.9333333333333333
1.0
1.0
1.0
0.9333333333333333
0.9333333333333333
1.0666666666666667
1.2
1.1333333333333333
1.0666666666666667
1.0666666666666667
1.0666666666666667
1.0
1.1333333333333333
1.1333333333333333
1.2666666666666666
1.2
1.2666666666666666
1.2666666666666666
1.4
1.4666666666666666
1.4
1.3333333333333333
1.3333333333333333
1.3333333333333333
1.3333333333333333
1.2666666666666666
1.3333333333333333
1.2666666666666666
1.5333333333333334
1.6666666666666667
2.0
1.8666666666666667
1.8
1.6666666666666667
1.8666666666666667
1.9333333333333333
1.8666666666666667
1.8
1.8666666666666667
1.8
1.9333333333333333
1.9333333333333333
2.0
1.7333333333333334
1.5333333333333334
1.2666666666666666
1.2666666666666666
1.3333333333333333
1.3333333333333333
1.4
1.4
1.4
1.5333333333333334
1.5333333333333334
1.5333333333333334
1.6
1.6666666666666667
1.6666666666666667
1.7333333333333334
1.8666666666666667
1.8666666666666667
1.9333333333333333
1.9333333333333333
2.0
1.7333333333333334
1.6
1.7333333333333334
1.6666666666666667
1.6
1.5333333333333334
1.3333333333333333
1.2666666666666666
1.2666666666666666
1.1333333333333333
0.9333333333333333
0.8666666666666667
0.9333333333333333
0.8666666666666667
1.0666666666666667
1.0666666666666667
1.1333333333333333
0.9333333333333333
0.8666666666666667
0.8666666666666667
1.0
1.2
1.2666666666666666
1.2666666666666666
1.4
1.4666666666666666
1.4666666666666666
1.4666666666666666
1.5333333333333334
1.4666666666666666
1.4666666666666666
1.4666666666666666
1.5333333333333334
1.6
1.5333333333333334
1.4
1.2666666666666666
1.1333333333333333
1.1333333333333333
1.2666666666666666
1.2666666666666666
1.3333333333333333
1.2666666666666666
1.2666666666666666
1.2
1.2
1.2
1.1333333333333333
1.1333333333333333
1.2666666666666666
1.2666666666666666
1.2666666666666666
1.4
1.2666666666666666
1.0666666666666667
1.0666666666666667
1.2
1.2
1.1333333333333333
1.0666666666666667
1.1333333333333333
1.0666666666666667
1.2
1.2666666666666666
1.2
1.3333333333333333
1.4
1.4
1.4666666666666666
1.4666666666666666
1.4
1.4
1.3333333333333333
1.5333333333333334
1.6666666666666667
1.6666666666666667
1.8
1.6666666666666667
1.6666666666666667
1.7333333333333334
1.6
1.6
1.4666666666666666
1.5333333333333334
1.6
1.6
1.4
1.4666666666666666
1.4666666666666666
1.4
1.3333333333333333
1.2666666666666666
1.4
1.4666666666666666
1.4
1.4666666666666666
1.3333333333333333
1.4
1.2666666666666666
1.1333333333333333
1.1333333333333333
1.1333333333333333
1.1333333333333333
1.0
0.9333333333333333
0.9333333333333333
1.0
1.0
1.0
1.1333333333333333
1.0666666666666667
1.2
1.2
1.3333333333333333
1.4
1.5333333333333334
1.6666666666666667
1.6
1.4666666666666666
1.4666666666666666
1.5333333333333334
1.5333333333333334
1.5333333333333334
1.4
1.2
1.4666666666666666
1.4666666666666666
1.4666666666666666
1.4
1.4
1.3333333333333333
1.2
1.2666666666666666
1.4666666666666666
1.4666666666666666
1.4
1.3333333333333333
1.2666666666666666
1.3333333333333333
1.4666666666666666
1.2666666666666666
1.1333333333333333
1.1333333333333333
1.2
1.2
1.3333333333333333
1.4666666666666666
1.5333333333333334
1.4
1.4
1.4666666666666666
1.4
1.4
1.3333333333333333
1.2
1.3333333333333333
1.4
1.5333333333333334
1.4
1.4
1.4
1.3333333333333333
1.2
1.2666666666666666
1.3333333333333333
1.2666666666666666
1.3333333333333333
1.3333333333333333
1.3333333333333333
1.5333333333333334
1.3333333333333333
1.4
1.4
