-78
-98
-68
-72
-59
-54
-29
-21
-26
-16
-4
-20
-45
-56
-35
-19
22
3
5
-14
-9
-43
-54
-13
-4
-17
25
76
92
80
74
47
39
28
52
55
86
99
72
62
58
15
-16
-30
-38
-39
-24
2
9
-16
1
-17
-35
-34
-26
-21
11
11
24
36
41
33
23
33
75
55
60
81
83
75
83
71
89
89
74
65
45
36
22
-9
-2
2
0
-6
2
-7
-20
-46
-53
-40
-51
-14
-18
-22
-26
-30
-44
-53
-48
-57
-78
-64
-41
-38
-41
-8
-26
-9
9
27
18
33
41
44
46
84
86
77
64
49
31
32
20
8
5
21
12
3
-8
-22
-45
-77
-91
-74
-48
-56
-61
-67
-69
-91
-103
-104
-95
-80
-48
-36
8
32
21
-5
13
19
28
34
55
73
84
62
44
27
12
-20
-38
-36
-20
-44
-46
-46
-60
-65
-86
-90
-79
-53
-48
-37
-10
5
2
9
30
30
31
37
37
40
36
58
34
22
41
23
17
31
19
18
8
1
18
26
34
35
26
46
60
35
40
30
24
33
26
43
43
29
6
-4
-9
-28
-50
-52
-53
-47
-35
-36
-51
-90
-88
-73
-60
-47
-25
-19
7
29
30
45
43
36
35
40
95
73
66
56
76
60
54
39
25
13
-5
-8
-1
-7
-2
3
-1
-11
-20
-45
-69
-56
-54
-47
-51
-41
-46
-56
-48
-41
-60
-42
-37
-18
-10
35
26
9
-1
16
9
13
29
32
21
23
44
46
35
27
13
14
31
44
44
65
59
43
39
35
31
10
20
21
34
30
35
29
8
-10
-24
-13
-5
-13
-12
-13
-15
-38
-37
-51
-60
-76
-60
-45
-25
-42
-50
-51
-35
-18
-8
-3
24
22
46
46
65
50
42
25
44
53
52
28
16
-5
-10
-28
-38
-75
-63
-75
-59
-36
-18
-22
-23
-40
-10
-19
5
-8
-9
17
37
41
51
39
27
25
34
26
55
30
43
33
60
68
57
81
60
50
43
37
33
26
27
24
46
42
23
10
0
-18
-43
-22
-18
-8
-4
-13
-11
-11
-23
-45
-47
-45
-40
-32
-13
-18
-36
-39
-40
-46
-34
-50
-48
-43
-44
-40
9
0
-2
-11
1
20
30
1
1
-9
9
-2
-20
12
-2
-39
-36
-30
-31
-46
-56
-63
-6
-12
-10
-5
19
43
17
41
53
57
59
74
88
78
76
38
56
60
28
3
-6
-5
-23
-39
-53
-69
-90
-85
-70
-70
-60
-58
-56
-28
-14
-10
-7
6
14
37
56
85
73
68
74
72
61
57
55
51
51
47
45
44
26
10
-11
-16
-13
-20
-18
-20
-20
-20
-2
-2
19
12
13
26
33
36
53
54
61
60
62
60
55
32
23
-9
-6
-8
-20
-21
-26
-38
-42
-52
-50
-50
-61
-53
-43
-39
-13
-25
-15
-13
-11
3
0
-25
-21
-35
-39
-24
-33
-31
-22
-35
-12
-30
-23
-28
-50
-43
5
14
32
41
42
40
28
20
26
1
17
13
15
22
18
-10
-23
-31
-28
-22
-10
-6
-9
-13
-15
-25
-29
-35
-11
-1
6
12
18
-9
-23
-40
-35
-29
-28
12
26
34
37
14
14
15
19
6
35
38
53
59
50
52
18
8
-2
13
10
-18
-62
-67
-67
-69
-59
-68
-79
-63
-60
-40
-59
-48
-52
-34
4
53
38
56
36
17
-8
-15
-21
-40
-68
-49
-65
-84
-107
-126
-99
-65
-80
-56
-41
16
34
31
57
78
76
97
118
138
138
97
77
86
74
73
43
34
22
7
9
31
22
2
-4
3
-6
