0.0
0.0
0.0
0.0
0.0
0.0
0.0
0.0
0.0
0.09391134381097124
0.09589401207541214
0.0
0.0
0.0
0.0
0.0
0.0
0.0
0.1497750179219869
0.18610621186549928
0.0
0.0
0.0
0.0
0.0
0.0
0.0
0.0
0.06549923562268462
0.06783452775811619
0.0
0.0
0.0
0.0
0.0
0.0
0.0
0.17945639254724707
0.2820630363401192
0.0
0.3809868479046036
0.37823165779161483
0.31423823236140075
0.0
0.28482429096373246
0.2792172396039151
0.0
0.0
0.275666372706094
0.2787038902261928
0.2766559691747981
0.0
0.0
0.29419409839338706
0.2631223065591419
0.0
0.0
0.0
0.0
0.0
0.0
0.0
0.0
0.19087028724115973
0.21571055204070375
0.0
0.0
0.0
0.22395476963319727
0.0
0.26422996839990565
0.3064190785425729
0.24335979486229656
0.0
0.0
0.0
0.0
0.190838775468905
0.21034597510823422
0.0
0.24491759618202735
0.26096592225041326
0.0
0.0
0.0
0.0
0.17024974828841785
0.0
0.0
0.0
0.0
0.0
0.0
0.0
0.0
0.32218791589881784
0.3878779842274524
0.3901599975869598
0.3605639366574358
0.0
0.0
0.0
0.0
0.0
0.0
0.29911474168277663
0.0
0.0
0.0
0.0
0.0
0.0
0.3110215849018316
0.3301317932385427
0.0
0.34260295335407825
0.3485695185485087
0.0
0.0
0.0
0.0
0.3245977229935955
0.31647764682151
0.0
0.0
0.0
0.0
0.0
0.0
0.19737755843815658
0.0
0.0
0.0
0.0
0.3093027908781064
0.3219176862794929
0.0
0.0
0.0
0.0
0.0
0.0
0.0
0.27233323723833264
0.3285248244762687
0.0
0.329052789357348
0.0
0.31362523844853984
0.0
0.0
0.0
0.29410914812593786
0.0
0.0
0.29485742441188634
0.0
0.306971226403909
0.34757161866493763
0.43748774014209246
0.3962810104972871
0.0
0.0
0.0
0.0
0.17366095532360162
0.0
0.1915972180668785
0.1720778037276864
0.0
0.0
0.0
0.0
0.0
0.1223954390448403
0.0
0.0
0.12483857443911354
0.0
0.0
0.0
0.09951766062049165
0.0
0.0
0.0
0.0
0.1400794697807952
0.0
0.21049732302612068
0.22261206536299527
0.2399298348944547
0.2544027419706279
0.0
0.2685205108388053
0.0
0.17431319406670825
0.0
0.0
0.0
0.19436507220635096
0.0
0.22254763075097664
0.0
0.0
0.1204871751253013
0.0
0.0
0.0
0.0
0.0
0.0
0.0
0.2229647765276623
0.30757546436810657
0.3189922020936542
0.0
0.33909378918879357
0.33565511906628626
0.0
0.0
0.0
0.0
0.0
0.12145725380224454
0.0
0.0
0.0
0.12454131230922269
0.0
0.0
0.0
0.0
0.0
0.21644810392632083
0.0
0.3097913692282381
0.3268466040326282
0.0
0.0
0.0
0.2567945694346421
0.0
0.27488571977314635
0.32932821841861837
0.39505014470617167
0.0
0.38102278221788843
0.37947589274379495
0.3687600723346628
0.0
0.3386921465054834
0.0
0.33591210052940174
0.0
0.34992846606201095
0.0
0.0
0.0
0.32172864455208805
0.3049158119010438
0.0
0.0
0.0
0.0
0.0
0.0
0.27561592385345307
0.26007601805730435
0.0
0.21644420450051607
0.0
0.0
0.0
0.0
0.0
0.1496928050626793
0.0
0.0
0.14428470590808648
0.0
0.0
0.0
0.0
0.0
0.0
0.21476616144750504
0.29330797991825763
0.0
0.0
0.38938857664001153
0.0
0.0
0.0
0.2681755339095459
0.0
0.0
0.0
0.0
0.0
0.28927406324848737
0.34014458418691057
0.41922429353338136
0.42415128220615705
0.0
0.3824695313908806
0.30719838355637663
0.0
0.0
0.0
0.0
0.0
0.0
0.0
0.0
0.0
0.0
0.0
0.0
0.1573247401572072
0.0
0.0
0.21721266430445194
0.0
0.0
0.0
0.19510523595949159
0.0
0.0
0.0
0.0
0.0
0.0
0.27966954651814835
0.30381537395944597
0.0
0.0
0.0
0.34618364552054925
0.42969897213652997
0.0
0.5362786747993545
0.5571185200650715
0.5624860245183784
0.41922795731367685
0.3467488571316702
0.0
0.0
0.0
0.0
0.0
0.10007501372057284
0.0
0.0
0.07451886348754067
0.0
0.0
0.0
0.0
0.0
0.0
0.0
0.0
0.0
0.0
0.0
0.13159932994854964
0.0
0.2423882601392093
0.26800346402079334
0.0
0.0
0.26827633341254414
0.2630253162198243
0.0
0.15426741817176517
0.0
0.0
0.0
0.08193997280549249
0.0
0.0
0.0
0.0
0.0
0.0631196114545709
0.0
0.0
0.0
0.0
0.0
0.0
0.0
0.0
0.16271067890817031
0.0
0.0
0.0
0.0
0.0
0.0
0.25653383976775695
0.0
0.27181402035494523
0.2700876407625428
0.0
0.0
0.26721267226629314
0.0
0.0
0.0
0.2817042973560467
0.2760068555205141
0.0
0.0
0.0
0.0
0.0
0.0
0.18047641790644156
0.0
0.0
0.18806364316837396
0.0
0.0
0.24164926964672978
0.0
0.2554908257954214
0.0
0.0
0.0
0.25973934242410046
0.25177043826516754
0.0
0.0
0.1399035216691409
0.0
0.0
0.0
0.17066120989594416
0.1667077427094451
0.0
0.0
0.0
0.0
0.0
0.0
0.0
0.2205711687650876
0.0
0.2618407215993194
0.0
0.0
0.29463319534127075
0.0
0.0
0.0
0.29608200961148085
0.3011954744761425
0.0
0.2706371308584636
0.0
0.2669337908616319
0.0
0.0
0.2629701962026009
0.0
0.2786376446211366
0.2621092686997863
0.0
0.0
0.0
0.0
0.2798541887872033
0.3030741517857727
0.0
0.0
0.2826477448239657
0.0
0.0
0.0
0.0
0.0
0.3242810991086491
0.0
0.3236717460626117
0.0
0.0
0.42788330253159157
0.0
0.5108427406599956
0.5347265358877091
0.4519261455416544
0.4190403163793447
0.4072622918039175
0.40659386145432547
0.36945903104568045
0.3285773893649257
0.30188468389940937
0.0
0.0
0.0
0.2520656776862499
0.0
0.0
0.25933719300141184
0.0
0.0
0.0
0.0
0.0
0.0
0.0
0.0
0.0
0.0
0.0
0.0
0.0
0.0
0.0
0.15011742906310466
0.0
0.1608706129501809
0.0
0.0
0.12904151286884577
0.0
0.0
0.0
0.0
0.0
0.0
0.0
0.0
0.0
0.0
0.0
0.0
0.0
0.0
0.0
0.0
0.0
0.049543643181017324
0.0
0.0
0.0
0.0
0.0
0.0
0.0
0.0
0.0
0.0
0.09233283309143024
0.0
0.0
0.0
0.0
0.0
0.2107062178430488
0.0
0.0
0.2514627667357123
0.0
0.0
0.20356292294953568
0.0
0.0
0.0
0.14424357444713395
0.0
0.0
0.0
0.0
0.0
0.20251128623079023
0.23438165762110993
0.22679962616340518
0.0
0.0
0.0
0.0
0.0
0.0
0.3043650941920569
0.0
0.360012801313585
0.0
0.0
0.0
0.0
0.0
0.3578429352138548
0.37935634869447155
0.0
0.0
0.34118252860338627
0.3401664307665687
0.3297183888904627
0.0
0.0
0.2811530764701569
0.2843053857970222
0.0
0.0
0.0
0.0
0.0
0.0
0.0
0.0
0.11096783209925636
0.0
0.0
0.0
0.16167461909809674
0.0
0.19822239130123123
0.18725725928362225
0.0
0.0
0.0
0.0
0.07161546853740072
0.0
0.0
0.0
0.0
0.0
0.0
0.0
0.0
0.0
0.0
0.0
0.0
0.0
0.044451979804122486
0.0
0.0
0.0
0.0
0.0
0.0
0.0
0.0
0.10905217478332196
0.1658276523138409
0.294759938259083
0.0
0.33151751439671484
0.0
0.0
0.28344481334803917
0.0
0.0
0.0
0.0
0.20759384116655638
0.0
0.0
0.0
0.0
0.27963072629931407
0.0
0.0
0.0
0.19815197558208858
0.21424715459774005
0.0
0.0
0.0
0.1434604891035935
0.0
0.19443891238798922
0.23991101220944341
0.2591590114765947
0.2520639056916008
0.0
0.0
0.0
0.23853986755769094
0.2263267497635046
0.0
0.0
0.0
0.0
0.0
0.0
0.0
0.0
0.0
0.0
0.0
0.0
0.23348598356425188
0.0
0.33206148959534904
0.34474588267584283
0.3344688412938281
0.2952948599642559
0.0
0.2551344281668604
0.0
0.0
0.0
0.0
0.0
0.1443154308760963
0.0
