426.6920894573534
419.156615612648
413.86968988828124
413.29769711543554
420.02168417458904
436.09936728992614
462.01669262786675
495.8363289124735
533.3266229335725
569.336229328884
599.7508257306949
622.8702291244615
639.4722289528163
651.753461727454
661.9204528970431
671.1099347413586
678.8866470699235
683.2584631499824
681.1009004976495
668.9595775914152
644.1993542229552
606.2635237660654
557.4851604567846
502.82308436731745
448.3917161635834
399.4723347397111
359.09841095616116
327.86814582801134
304.76820630859197
288.2780748778453
277.14915837674096
270.6629995007439
268.4652874502584
270.18747624927175
275.10460879842987
282.03709894969563
289.553817458029
296.3514590328447
301.59393694757114
305.03651035550774
306.89317391464067
307.5560629071906
307.33551569729417
306.3041719366819
304.2131275115469
300.4810302422947
294.39308907740764
285.61337658138183
274.8140189180482
263.97020887129787
256.00444092037884
253.88514544633512
259.58889362996104
273.34617835063807
293.46098479232285
316.81903517240397
339.9064453840925
359.8498241581301
374.9896857808481
384.88557642249475
390.01983027684855
391.45257457382127
390.450283930144
388.0591964844929
384.7508383315143
380.3246800869131
374.099718621163
365.2799743739206
353.38564756666887
338.6656339415206
322.33295724887216
306.4404748136853
293.3887901954612
285.2804804714017
283.3607978386003
287.65409853523033
296.84964305251424
308.5452664542578
319.9189714902568
328.66903084846984
333.8226313211693
335.99897274421113
336.9675868885731
338.7124230107787
342.47889281681717
348.27192587774914
354.9741835809854
360.88781723280647
364.38462036892867
364.5520005968549
361.95296896992863
359.51044193875134
363.0430863976919
380.54005197674184
419.50880920553533
482.9835055399625
566.3795920782053
657.7537898584408
742.152490994118
807.736941988767
849.9498574853509
871.5805583801241
879.6502262187776
881.7194056614699
883.431263082176
887.3121922122651
892.0492083837585
892.1202514499572
878.6672914443736
842.512984586305
778.805071093939
690.8974689478073
590.5802016840059
493.7385571937616
413.7647080811974
356.7445223626669
320.9652391155783
300.04368167299526
286.8981654471095
276.26349303050637
265.2999752621794
253.13585583823522
240.21576372993883
227.7622889575381
217.29787489368522
210.1944005037387
207.3638500141744
209.25201613598574
216.17151009779968
228.7378487919009
247.9610611390313
274.71873610043593
308.90845234463967
349.0056270136714
392.47434094786115
436.6932766468333
479.60392263468736
519.631854632733
555.1373400522397
584.0014546908326
603.7641207338495
612.3122038128312
608.7620156739306
594.0254875967963
570.697907341077
542.315788310456
512.3839981108038
483.5740845627661
457.2752082355668
433.5527093414175
411.55314750349055
390.25983770069763
369.26483646041135
349.18659100151433
331.6201438576076
318.74977479137
312.73555804721
314.89577674892223
324.85582781044957
340.12920392318154
356.6057817762635
369.9379268633944
377.1643607072449
377.66313002864047
372.93748772598985
365.5092408748362
357.7072640237741
351.0065846119576
345.99224518916196
342.5690829145765
340.0831267616387
337.38295013296636
333.0641982133207
325.9815256710603
315.7949032256161
303.2157395082326
289.85056637443665
277.8555842737808
269.67408364900825
267.86806826127645
274.76916155029903
291.7236998397402
318.1408910807711
350.9982467757601
385.4283928269734
416.3884893484674
440.6388373571515
457.9659842636728
471.01134874779143
483.8469073067921
500.01587744904
520.8677306007813
544.7780527922416
567.4865858242924
583.4465573527098
587.7708891563436
578.0884525974536
555.5149836621147
524.2243170748692
489.79210866034236
457.1596485462708
429.19330932399583
406.3228402247115
387.11354809890224
369.3507369751589
351.2847477542235
332.7529611443415
315.7839651788276
304.2147055749043
302.1534537779097
311.83878637887216
332.1199101975682
358.7095152438861
386.2596049295419
410.9023018967372
431.4816945333072
448.82001620372046
464.0099923929942
477.3099345793142
488.2741686833339
496.3991798900179
501.2143327775435
501.62720678816197
495.4151896987328
479.87519531251985
453.61039188094907
418.18158435639305
378.12646798739195
339.03992336724457
305.02652672757466
277.3548225265834
255.04900256202953
236.5392907657985
220.8933476849849
207.9378361104603
197.73262128751452
190.22656513693852
185.37971992080458
183.37291463281645
184.45983405303076
188.50923632246838
194.73120154484332
201.99126191065045
209.57067920934338
217.75716421002318
227.70829030460794
240.59613722020686
256.6372837529643
274.72444843903224
292.90459071769754
309.2962068148511
322.7572443073976
332.9128393563829
339.7258859173511
343.1283999527153
343.06169088371814
339.79449916681267
334.0708722854478
326.79910760322923
318.4817427999277
308.91671255377673
297.5192646528209
284.06525858984276
269.2483999802221
254.56699860081173
241.6112300096192
231.3179987198535
223.7725214127604
218.6795526643704
216.10606242110634
216.92285859262137
222.6416576775905
234.81307363239728
254.45100772520928
281.84769530243096
316.7223811099876
358.2946516202047
404.9942286812123
454.06575708512077
501.6996946676553
543.986785816682
578.2161280638337
603.6533337245411
621.3364670880508
633.1201185276897
640.5358982286746
643.9676619226099
642.453698562214
634.194826074023
617.5168483308098
591.8077999260485
558.0527680530627
518.851950485241
477.9140287674623
439.05441002478017
404.9945392009051
376.58575201331365
352.93449736298913
332.2578617743592
312.82813974611497
293.5423274422135
274.112533933215
255.02667991411835
237.2816585680485
221.86863129241442
209.21917635009373
198.99505690422228
190.4542064682617
183.225862769885
177.97958351917185
176.4689883709429
180.8573926741784
192.8092441122019
213.02718722525907
241.45752921443207
277.67427075580565
320.7394946972411
368.42549360885107
416.5282726176416
459.2324517271784
490.7776868191356
507.59043974764296
509.543282820192
499.56582579570727
481.9919642807522
460.79793461840757
438.6745553500057
417.01406989937266
396.241388102182
376.0170566836406
355.4132187900849
333.48000760988054
310.2746877545381
287.7717301859177
269.8392225801506
260.99411855406976
264.53132210184435
281.10657417114345
308.5360499446384
342.73407384979896
379.032735870303
413.1221338814065
441.4273413272829
461.3008723826181
471.4105313091661
472.1905041830639
465.8078238196928
455.3000795495491
443.2166240700294
430.57700791101126
416.77192234560175
400.35631489264995
380.1213927932766
355.80551560617175
328.2284598064085
299.06839610500947
270.5781754791542
245.29117341827916
225.56377009554285
212.91970332259586
207.46958057474143
207.79950935750375
211.4822476995381
215.98132517933723
219.5448148311302
221.8338495911292
224.2763127828824
230.15114383994833
244.14039753375897
270.93280717355447
312.92681479208045
368.0569044111894
429.31485943012547
486.77198360898194
531.1899283110856
