379.2675402306817
395.61007495598597
408.78633714742205
417.03573985550634
420.5993189612898
421.24851622674964
421.15941021931644
421.8543297397001
423.73763991817964
426.2861525779019
428.5809767302245
429.8015311668117
429.4982547823968
427.698620592667
424.9698616284587
422.42249553646286
421.47916776687543
423.3115528366917
428.1796336005435
435.1487405384004
442.45585962584147
448.26357517877466
451.22447489289505
450.53958152665257
445.7410753912985
436.6409920970071
423.55476175151585
407.47433434359266
389.85906025912163
372.11319930179525
355.1423048148814
339.2925772281188
324.62747580009585
311.25777453895955
299.49455181311714
289.8120833536275
282.7469563219032
278.8115151024373
278.37862169037265
281.489472312831
287.66497149671716
295.8821140605552
304.7803777637208
312.99361327669027
319.44305766527543
323.4958308516767
324.97598235590726
324.0561351082184
321.083299333114
316.3994029100181
310.1893631285503
302.3859363082591
292.7251237280354
281.05930569807464
267.85312998438997
254.53632319206673
243.39223091632772
236.98644092825091
237.4400595723859
245.83181645994028
261.83063413903784
283.6280746587519
308.3018075318946
332.5967659852007
353.7913717274529
370.22511477084424
381.360180652565
387.572404213421
389.86178597397213
389.48785969896744
387.5232755552738
384.47969647540583
380.1998845721525
374.0434019376935
365.24731016084775
353.3546950441424
338.62796707757786
322.2871990364016
306.3887256600285
293.33521966703097
285.232619282106
283.3370604484575
287.70451970345493
297.09606928287207
309.23497307233663
321.4616296642132
331.60987592114714
338.724446268369
343.26738426516806
346.7125033265727
350.7297134420635
356.353894387497
363.5238848190918
371.1565765693898
377.621394212638
381.3301069338929
381.2530724586944
377.34820043584114
370.904476036194
364.6335768898539
362.20600005478303
367.06819197788417
380.8511505185561
402.21331185038736
427.0177220171706
450.0105019607344
467.08020092145625
476.7092647758702
479.88359634578353
478.90048754043573
476.12303501946104
473.359158085482
471.7579022370137
471.71163831471824
472.50562665945233
472.03126522300636
467.1829928047191
455.1871238198402
435.256657061797
409.4221198766326
381.82375244786994
356.879630299871
337.5177565010278
324.4156403920503
316.3333447468189
311.0117331000227
306.0772142744945
299.6653064863128
290.71247411525655
278.99000864547344
264.99190624860887
249.74891035175494
234.57725145301274
220.77195604054543
209.32109873321087
200.76299839686902
195.28802314054323
193.10966511037645
194.9739638316549
202.4582314453652
217.64482193090788
242.1096445141518
275.80066197590054
316.6705246176481
361.4170482605508
406.7717142151233
450.3712027785649
490.7238985658647
526.5770234891475
556.3455410652377
578.0492140693754
589.7930247296998
590.5150139208265
580.5858675624343
561.9199812593724
537.5348597761333
510.7700262210199
484.4498402483189
460.2239718224351
438.3158212484817
417.86821234628496
397.8046153287672
377.7633503413972
358.607806607184
342.3458988177698
331.61293470600845
328.8792347990085
335.4472611015482
350.4636443462176
370.5002055322881
390.263134577584
404.410670201202
409.65703974838334
405.9886528987214
396.27921067817516
384.57606823184375
374.1184922983492
366.1672162504333
360.03591107209826
353.9387655275393
345.9851732104311
334.89875820355155
320.40010717477827
303.31477974299423
285.3811921101669
268.71214102164754
255.05103993086038
245.18921120919416
238.89532290778334
235.39988558739407
234.1191188294539
235.17444883361284
239.42678944357118
248.0392836342526
261.8117366108602
280.60096129463864
303.07370574505626
326.9044543017827
349.3883475442883
368.30811120801036
382.77650281276135
393.70970536548316
403.64384524550286
415.8247157882912
432.82118877982896
455.1872618119212
480.76729527191935
505.0387156272238
522.4902976210477
528.5924146927435
521.5808464547283
503.2171657905459
478.06452682521797
451.5627330047271
427.8684961478017
408.53052660907497
392.5060947097389
377.2501848740375
360.1723130187002
339.8304120834962
316.57949426483253
292.682137013502
271.94731895579275
258.862071578489
257.1819648401103
268.29053999479595
290.1621646813071
317.8445610065353
345.56678254297174
369.336699137418
388.3569175179972
404.3940324311866
419.75127047966345
435.4165090888027
450.56989446899274
463.39142300993683
472.12608607431747
475.4403425418286
472.06824319901955
460.6141679635318
440.24204093971105
411.91971607527216
378.99469077973947
346.1893672374961
317.45586460842355
294.22702419795104
275.34146019184095
258.54806164841466
242.30047317369045
226.54388201839
212.21100406694114
200.1821281462923
190.690911901955
183.54956685669978
178.76888303966706
176.84782004158404
178.3951337104595
183.4264045312327
191.03180062324694
199.810478905518
208.78002357111242
218.01707273701686
228.48118018915844
241.14347173120015
256.09892721636453
272.32115952619455
288.1710494099059
302.1951146267366
313.63304125229774
322.41989566072937
328.8979519410892
333.5623078162386
336.97316755635416
339.7511141974626
342.50131772330184
345.5775188654377
348.7522136447718
351.0410400488341
350.9623781572577
347.2465998319835
339.5958663595801
328.9419607316688
316.9685046106772
305.19694892157565
294.23397135078267
283.6444277233975
272.4873127323727
260.1130944607026
246.6514098305479
232.87875431916297
219.68390361629548
207.67537831545786
197.26664067204376
189.04321841076347
183.92073669521392
182.83514739212873
186.20235781433018
193.65103269538562
204.33419819005132
217.6372368987246
233.7194734106389
253.38730471663172
277.31342425206765
305.1861709672353
335.44988788144906
365.76222036084323
393.6900877698423
417.1342886676275
434.4683701758237
444.72140701364134
447.9075428773192
445.17316193686594
438.40389000852963
429.3706135715758
418.9235546627085
406.7700047288537
392.0034782201714
374.0524489345372
353.4110819708358
331.6685102540409
310.9159267876219
293.0772574009454
279.5789947934197
271.22678143960945
267.92656947204523
268.3061928959794
269.77643593944856
269.3790866216591
265.0223476283754
256.2533366120881
244.07626057656302
230.09011185914466
215.63328989041267
201.41635246669102
187.6461368225548
174.34575352905208
161.59853597104214
149.6471429613899
138.94259539733682
130.22481979250114
124.56448984771389
123.20517292436585
127.17559310965693
136.89629524387738
152.09726888814822
172.1497449096817
196.56969705554692
225.26579625238193
258.22263965893893
294.6835650347115
332.3491444847682
367.3146939012454
395.11017881252303
412.3865717332409
418.1980434502173
414.0871561881813
403.0889531820643
388.45897321582447
372.83311496743323
357.9337873336736
344.52594407251
332.4088754130843
320.5624810858924
307.7160569642001
293.3513788266663
278.6618459882246
266.7361546066858
261.5930518539425
266.49800491368455
282.56826368859464
308.4696144763269
341.1920494803039
377.1901211403871
413.1428177737844
446.12318202956465
473.5112355939051
493.08578225219867
503.39910163858667
504.14751799808596
496.173424630465
481.02041348594076
460.32536839474807
435.4370928972292
407.4284268791066
377.3403927991082
346.3493194843584
315.6811851941451
286.36434872877044
259.06872736028174
234.20209089575138
212.20810337839828
193.83114533092498
180.11328274563246
172.05865705667753
170.12184832194743
173.80671332544742
181.61593373766618
191.39984193266827
200.9489246356443
208.59494014312304
213.66917502190964
216.82501723217092
220.29934512331516
228.03161577491554
245.2620844394471
277.1651393245153
326.6034717398189
392.00013120459266
466.75251970434215
540.8922837091311
604.2711839040855
649.6371494649222
674.2383063060317
679.600844170061
669.9993356370583
